4 35 270
4 35 540
4 1150 370
4 1380 595
4 1380 895
4 1380 295
7 235 640
7 1040 745
4 1160 595
4 1180 595
8 210 610
8 400 655
8 713 652
8 555 645
8 560 455
1 145 810
1 145 915
1 710 810
1 985 1050
1 710 1050
1 510 1130
1 145 1050
1 -110 990
1 145 850
1 710 860
1 300 45
1 1150 45
1 900 -55
1 350 440
1 82 495
2 700 363
2 810 260
2 900 680
2 1140 765
2 1140 865
2 430 880
2 1100 865
2 1100 765
6 650 375
6 755 310
5 550 45
5 650 45
3 1070 130
3 1070 530
3 910 900
3 980 900
3 830 900
3 522 900
2 470 630
2 50 760
2 640 630
2 470 660
2 640 660
3 1070 490
